0 0.598152 0.616517 0.104183 0.292664
0 0.413484 0.567115 0.113703 0.195605
0 0.414769 0.620334 0.11823 0.307234
0 0.598274 0.617456 0.106437 0.294389
0 0.414738 0.560316 0.114145 0.188458
0 0.414961 0.598247 0.116621 0.264784
0 0.600248 0.623498 0.104358 0.307369
0 0.415061 0.553471 0.111004 0.175393
0 0.415463 0.593381 0.112979 0.255516
0 0.598975 0.620861 0.109134 0.304777
0 0.414164 0.551854 0.114352 0.174269
0 0.413963 0.606176 0.117516 0.282914
0 0.598926 0.624909 0.109851 0.312162
0 0.414129 0.550662 0.115888 0.172506
0 0.413822 0.600598 0.119229 0.272537
0 0.599132 0.628027 0.11021 0.318645
0 0.413244 0.552625 0.115992 0.177052
0 0.412779 0.597074 0.119304 0.266605
0 0.598268 0.622433 0.111646 0.309038
0 0.412545 0.551888 0.114758 0.175109
0 0.411664 0.596406 0.118031 0.264526
0 0.598781 0.622798 0.111158 0.309882
0 0.412282 0.552263 0.116846 0.175179
0 0.411152 0.595107 0.120682 0.261674
0 0.599491 0.621139 0.110565 0.306971
0 0.411725 0.553187 0.118538 0.178482
0 0.410752 0.596856 0.121892 0.266939
0 0.600635 0.618042 0.110349 0.299811
0 0.412467 0.549143 0.116794 0.169227
0 0.411618 0.59816 0.120161 0.267858
0 0.601005 0.622294 0.111063 0.30492
0 0.413395 0.548897 0.11307 0.169358
0 0.412849 0.589351 0.115894 0.250827
0 0.603178 0.631725 0.111137 0.330256
0 0.409551 0.549153 0.119631 0.170974
0 0.407941 0.595309 0.122638 0.258374
0 0.604728 0.637825 0.112769 0.340644
0 0.408978 0.545748 0.123479 0.167166
0 0.606903 0.624095 0.118601 0.312018
5 0.500591 0.411706 0.262616 0.208151
5 0.503511 0.411062 0.270178 0.208859
5 0.500529 0.411904 0.267749 0.209956
5 0.502114 0.410549 0.274331 0.21073
5 0.252481 0.44146 0.222928 0.219111
5 0.500739 0.407373 0.281222 0.211048
10 0.523941 0.57019 0.780407 0.859621
10 0.556663 0.567798 0.830363 0.864403
10 0.511101 0.556114 0.944354 0.887772
10 0.532063 0.552166 0.843006 0.895134
10 0.566971 0.545729 0.866059 0.906716
10 0.539541 0.548113 0.798601 0.903775
10 0.559236 0.537388 0.851317 0.925224
10 0.543233 0.548118 0.823312 0.899143
10 0.568389 0.540863 0.861737 0.918274
10 0.570034 0.538616 0.859932 0.922767
10 0.57242 0.537239 0.85516 0.925522
10 0.555915 0.537946 0.827671 0.924108
10 0.568131 0.536842 0.859604 0.926316
10 0.567959 0.53617 0.862465 0.92766
10 0.566974 0.536477 0.861794 0.927047
10 0.564515 0.536548 0.852962 0.926903
10 0.569159 0.536289 0.861333 0.927422
10 0.56878 0.536157 0.86244 0.927686
10 0.56945 0.53636 0.861099 0.92728
10 0.569122 0.536117 0.861756 0.927766
10 0.570133 0.53638 0.859735 0.92724
10 0.570965 0.53713 0.85782 0.92574
10 0.57187 0.538064 0.856261 0.923873
10 0.573863 0.539035 0.852275 0.921931
10 0.57456 0.540202 0.85088 0.919596
10 0.574919 0.54072 0.850162 0.918561
10 0.575433 0.539955 0.849134 0.920089
10 0.575108 0.540541 0.849784 0.918917
10 0.575309 0.539681 0.849381 0.920638
10 0.576055 0.5389 0.84789 0.922199
10 0.583461 0.546169 0.828607 0.906084
10 0.578679 0.54571 0.823636 0.902642
10 0.581451 0.54356 0.827056 0.89817
10 0.575428 0.538429 0.836744 0.923141
10 0.674056 0.477375 0.284848 0.155688
10 0.674487 0.477952 0.286411 0.154436
10 0.673177 0.477996 0.28734 0.155969
10 0.672421 0.477789 0.287521 0.156918
10 0.67189 0.478266 0.286634 0.156821
10 0.631785 0.513313 0.212572 0.162708
10 0.42183 0.469189 0.328571 0.183746
10 0.419379 0.470286 0.326338 0.20624
10 0.491021 0.462737 0.468591 0.221258
10 0.493244 0.462219 0.465625 0.215078
0 0.391877 0.236148 0.105367 0.184357
0 0.391877 0.236148 0.105367 0.184357
0 0.391877 0.236148 0.105367 0.184357
0 0.391877 0.236148 0.105367 0.184357
0 0.391877 0.236148 0.105367 0.184357
0 0.391881 0.236146 0.105361 0.184355
0 0.39188 0.236146 0.105363 0.184354
0 0.39188 0.236146 0.105363 0.184354
10 0.798016 0.744756 0.207782 0.116462
1 0.547534 0.742794 0.147493 0.0629578
10 0.797744 0.700599 0.205892 0.118378
10 0.798318 0.674867 0.20444 0.0862635
10 0.0603661 0.0367794 0.118881 0.0735587
10 0.0603614 0.0367913 0.118874 0.0735826
10 0.0603641 0.0367809 0.118878 0.0735618
10 0.0603678 0.0367851 0.118883 0.0735702
10 0.060363 0.036787 0.118876 0.073574
10 0.0603607 0.0367881 0.118874 0.0735762
10 0.0603623 0.0367868 0.118876 0.0735735
10 0.060361 0.0367884 0.118874 0.0735767
10 0.0603621 0.0367861 0.118876 0.0735722
10 0.0603608 0.0367884 0.118875 0.0735768
10 0.0603616 0.0367862 0.118875 0.0735725
10 0.0603691 0.0367726 0.118882 0.0735451
10 0.0603775 0.0367737 0.118884 0.0735474
10 0.0603773 0.0367771 0.118902 0.0735542
10 0.0603548 0.0367262 0.118822 0.0734524
10 0.0603517 0.0367405 0.118831 0.0734809
10 0.0603639 0.0367787 0.118871 0.0735573
10 0.060364 0.0367785 0.118871 0.0735569
10 0.060364 0.0367784 0.118871 0.0735569
10 0.490394 0.503386 0.725716 0.340681
10 0.493518 0.508724 0.722422 0.337109
10 0.502087 0.505266 0.76106 0.343787
10 0.493559 0.509155 0.72474 0.344033
10 0.492723 0.510097 0.722243 0.347035
10 0.501377 0.506765 0.77323 0.351263
10 0.495852 0.507821 0.770371 0.352268
10 0.505541 0.502959 0.955434 0.515561
10 0.501957 0.503192 0.964689 0.516297
10 0.512525 0.502657 0.945944 0.517126
10 0.506958 0.503035 0.955964 0.518202
10 0.507767 0.502703 0.953586 0.516535
10 0.510274 0.501419 0.950671 0.515204
10 0.506917 0.49984 0.953204 0.509278
10 0.51933 0.498089 0.928798 0.506023
10 0.501375 0.501899 0.959631 0.503618
10 0.488063 0.510566 0.954173 0.500769
10 0.490848 0.506789 0.935473 0.465441
10 0.496219 0.507272 0.940437 0.43877
10 0.483791 0.500715 0.935877 0.401632
10 0.480596 0.506386 0.902726 0.390101
2 0.135034 0.0751703 0.270069 0.145472
0 0.951756 0.163834 0.0958153 0.278444
5 0.959664 0.0647016 0.0799433 0.129403
3 0.658189 0.488731 0.141412 0.0734344
0 0.796274 0.284811 0.0934088 0.185507
