0 0.598274 0.617456 0.106437 0.294389 0.728837
0 0.414738 0.560316 0.114145 0.188458 0.703138
0 0.598975 0.620861 0.109134 0.304777 0.720042
0 0.598926 0.624909 0.109851 0.312162 0.71449
0 0.599132 0.628027 0.11021 0.318645 0.736863
0 0.598268 0.622433 0.111646 0.309038 0.741327
0 0.598781 0.622798 0.111158 0.309882 0.74445
0 0.599491 0.621139 0.110565 0.306971 0.786629
0 0.600635 0.618042 0.110349 0.299811 0.761942
0 0.601005 0.622294 0.111063 0.30492 0.719305
0 0.603178 0.631725 0.111137 0.330256 0.743996
10 0.539541 0.548113 0.798601 0.903775 0.859247
10 0.543233 0.548118 0.823312 0.899143 0.708911
10 0.57456 0.540202 0.85088 0.919596 0.710108
10 0.574919 0.54072 0.850162 0.918561 0.701543
10 0.575108 0.540541 0.849784 0.918917 0.710194
