1 0.134011 0.970833 0.266737 0.0516562 0.776429
1 0.134151 0.971021 0.266704 0.0537414 0.91569
1 0.134329 0.971396 0.267077 0.0546868 0.924101
1 0.134637 0.97174 0.267699 0.0553745 0.925384
1 0.134867 0.971868 0.268029 0.0556261 0.91868
1 0.135301 0.972039 0.268636 0.0559216 0.915843
1 0.135417 0.972085 0.268809 0.0558306 0.91859
1 0.135561 0.972083 0.269205 0.0558334 0.915139
1 0.13559 0.972129 0.269257 0.0557416 0.917707
1 0.136022 0.972148 0.269964 0.0557043 0.912376
1 0.136356 0.972156 0.2701 0.0556878 0.911092
1 0.13646 0.972121 0.26968 0.055758 0.907717
1 0.136401 0.972039 0.268924 0.0559217 0.908733
1 0.136568 0.971831 0.268987 0.0563376 0.902712
1 0.136703 0.971871 0.269177 0.0562584 0.887191
1 0.136369 0.971887 0.268379 0.0562251 0.905958
1 0.136141 0.971903 0.267895 0.0561944 0.916114
1 0.13614 0.971938 0.267838 0.0561231 0.92155
1 0.136643 0.971997 0.268636 0.0560055 0.926455
1 0.136858 0.97203 0.269013 0.0559401 0.917521
1 0.136714 0.972054 0.268954 0.055893 0.920786
1 0.136789 0.972059 0.269421 0.0558829 0.913306
1 0.136996 0.972066 0.269835 0.0558683 0.903515
1 0.137236 0.971988 0.270151 0.056025 0.914846
1 0.137361 0.971904 0.270179 0.0561917 0.913213
1 0.137381 0.971904 0.270083 0.0561911 0.917805
1 0.13748 0.971883 0.269938 0.0562336 0.922505
1 0.13734 0.971919 0.269511 0.0561615 0.938878
1 0.137404 0.972014 0.269808 0.0559724 0.93845
1 0.137567 0.972044 0.270044 0.0559126 0.932442
1 0.13763 0.971968 0.26994 0.0557249 0.92436
1 0.137658 0.971851 0.269766 0.0554653 0.912643
1 0.137813 0.971807 0.269817 0.0553226 0.906735
1 0.137798 0.972069 0.269718 0.0556367 0.914946
1 0.137786 0.972116 0.269591 0.0556896 0.914038
1 0.137981 0.972113 0.269582 0.0557733 0.911393
1 0.137963 0.972099 0.269469 0.0558013 0.917562
1 0.138594 0.972033 0.270336 0.055702 0.918776
1 0.138967 0.971983 0.270755 0.055732 0.926728
1 0.139461 0.971853 0.271301 0.0559072 0.921474
1 0.139433 0.971887 0.271277 0.0562253 0.921453
1 0.138184 0.971464 0.270472 0.057071 0.919037
1 0.138592 0.971423 0.270815 0.057154 0.933976
1 0.138601 0.971081 0.270709 0.0578384 0.933124
1 0.13904 0.97059 0.271064 0.058821 0.932879
1 0.139189 0.970429 0.27126 0.0591417 0.937005
1 0.140204 0.971725 0.273124 0.0565507 0.917488
1 0.140497 0.971715 0.273445 0.0565702 0.924029
1 0.13991 0.971341 0.272067 0.0573177 0.91914
1 0.140248 0.968869 0.272241 0.062262 0.917112
1 0.140675 0.9682 0.272541 0.0636004 0.915762
1 0.141191 0.969972 0.273925 0.0600564 0.910988
1 0.140949 0.968108 0.272638 0.0637836 0.923565
1 0.140824 0.96814 0.272238 0.0637207 0.922306
1 0.140844 0.968566 0.272398 0.0628682 0.929294
1 0.140817 0.968331 0.272603 0.0633387 0.923362
1 0.141282 0.968822 0.273491 0.0623552 0.930967
1 0.141486 0.967063 0.273542 0.0658745 0.938841
1 0.141557 0.968064 0.274232 0.0638712 0.941054
1 0.141366 0.966542 0.274055 0.0669155 0.947422
1 0.141176 0.967367 0.27354 0.0652661 0.956432
1 0.141275 0.969048 0.273422 0.0619036 0.953904
1 0.141504 0.968532 0.273232 0.062936 0.94367
1 0.141519 0.970752 0.273003 0.0584969 0.927589
1 0.141979 0.970086 0.273903 0.0598284 0.918338
1 0.142265 0.970241 0.274656 0.0595174 0.910916
1 0.142359 0.970765 0.274807 0.058471 0.914151
1 0.142577 0.970524 0.275291 0.058952 0.906526
1 0.142921 0.969756 0.275726 0.0604874 0.907485
1 0.143395 0.969009 0.276254 0.0619829 0.91089
1 0.144086 0.969456 0.277033 0.0610875 0.89822
6 0.560288 0.172468 0.209111 0.193599 0.566147
1 0.144483 0.969184 0.276957 0.0616327 0.87854
6 0.561912 0.17318 0.205742 0.194144 0.594662
1 0.144701 0.970567 0.276627 0.0588663 0.849334
1 0.144686 0.970883 0.276099 0.057631 0.780504
1 0.144954 0.971231 0.276159 0.0569667 0.771543
1 0.144846 0.971269 0.276238 0.0566323 0.698334
1 0.145059 0.971453 0.276944 0.0564976 0.736052
1 0.145172 0.971508 0.27752 0.0564952 0.73512
1 0.145576 0.971615 0.277878 0.0566591 0.755235
1 0.145759 0.971492 0.277818 0.0562783 0.725391
1 0.146114 0.971387 0.27824 0.0560834 0.700729
10 0.499709 0.516308 0.988065 0.899281 0.539873
1 0.145914 0.971362 0.278779 0.0558056 0.604492
10 0.499772 0.516455 0.987231 0.899736 0.53405
1 0.146237 0.971386 0.279013 0.0559214 0.624463
10 0.49975 0.516302 0.987486 0.900887 0.552934
1 0.146656 0.971353 0.279232 0.0559797 0.652846
10 0.499743 0.516413 0.987797 0.901673 0.549673
1 0.147046 0.971407 0.279131 0.0560554 0.703703
10 0.499847 0.517038 0.987937 0.901684 0.5765
1 0.147183 0.971466 0.278594 0.0563773 0.728162
10 0.500047 0.516974 0.98754 0.9018 0.538675
1 0.147478 0.97155 0.278174 0.0567029 0.73624
10 0.499984 0.517129 0.987624 0.90152 0.520389
1 0.147508 0.971548 0.277806 0.0565315 0.7582
10 0.500072 0.517316 0.987694 0.901555 0.515903
1 0.147238 0.971426 0.278327 0.0565374 0.736908
10 0.500033 0.517207 0.986943 0.901411 0.523811
1 0.147076 0.971278 0.278798 0.0562848 0.710906
10 0.50007 0.517275 0.986873 0.901959 0.522327
1 0.146964 0.971021 0.279608 0.0557309 0.661827
10 0.499976 0.517252 0.987159 0.902108 0.531328
1 0.147161 0.971046 0.280146 0.0555325 0.654116
10 0.500393 0.516999 0.986728 0.90123 0.542145
10 0.500277 0.517366 0.987159 0.900822 0.523328
10 0.500364 0.517066 0.987483 0.899953 0.547249
10 0.500534 0.516951 0.987637 0.900063 0.542066
10 0.500688 0.51858 0.987324 0.897749 0.52134
10 0.50191 0.51844 0.985316 0.898939 0.551734
10 0.502092 0.519002 0.984806 0.898127 0.556421
10 0.502542 0.51866 0.98438 0.898423 0.574004
10 0.502383 0.518472 0.984812 0.898636 0.578453
10 0.501599 0.517998 0.986587 0.899009 0.545176
10 0.501052 0.517787 0.987599 0.899685 0.55154
10 0.500933 0.518055 0.987835 0.899096 0.567609
10 0.500607 0.517616 0.988354 0.899198 0.566613
10 0.500138 0.517685 0.989552 0.898706 0.57382
10 0.499419 0.517894 0.990067 0.898698 0.565212
10 0.499505 0.51778 0.989744 0.900145 0.571979
10 0.49999 0.517722 0.989058 0.900462 0.589777
10 0.500432 0.517571 0.987871 0.901188 0.585175
10 0.500638 0.517818 0.988186 0.900932 0.580658
10 0.50029 0.51797 0.9886 0.900725 0.568751
10 0.500341 0.518005 0.988489 0.900379 0.568358
10 0.500214 0.517897 0.988904 0.900585 0.554236
10 0.528004 0.522914 0.939716 0.910705 0.535039
10 0.530166 0.522977 0.935373 0.909941 0.540926
10 0.523661 0.522516 0.94779 0.910793 0.504124
10 0.525508 0.522608 0.944346 0.910077 0.533446
10 0.499734 0.517653 0.990347 0.89996 0.530874
10 0.499355 0.517597 0.99011 0.899437 0.520216
10 0.49949 0.517817 0.989806 0.89925 0.553975
10 0.500006 0.517668 0.989681 0.899265 0.585994
10 0.499941 0.517319 0.989466 0.900502 0.576951
10 0.500002 0.517086 0.990143 0.900321 0.616499
10 0.49999 0.517173 0.989988 0.900347 0.603989
10 0.500275 0.517435 0.989556 0.900394 0.62586
10 0.500027 0.517127 0.990028 0.901334 0.589963
10 0.499886 0.517482 0.990026 0.902003 0.57465
10 0.499968 0.516776 0.989953 0.901801 0.53603
10 0.500281 0.516393 0.989644 0.90054 0.506763
10 0.500222 0.516346 0.99001 0.900706 0.511374
1 0.877908 0.834112 0.244183 0.1556 0.78739
1 0.873905 0.850349 0.25219 0.118679 0.698302
6 0.552219 0.148445 0.298555 0.269518 0.550078
6 0.554376 0.15273 0.290123 0.28245 0.65749
6 0.553219 0.164114 0.289174 0.288148 0.648802
1 0.86342 0.866304 0.224349 0.104084 0.607466
1 0.863266 0.866708 0.224589 0.104859 0.60855
1 0.863357 0.865542 0.22549 0.112531 0.520479
1 0.863681 0.905946 0.225818 0.186831 0.579218
1 0.838857 0.870601 0.271734 0.0883102 0.532844
1 0.838419 0.86945 0.272343 0.0886099 0.539814
1 0.838393 0.869512 0.272399 0.0887099 0.53136
1 0.836985 0.870374 0.275997 0.0876003 0.541757
1 0.83775 0.870399 0.274109 0.0877113 0.519051
1 0.83778 0.870781 0.274467 0.0878375 0.523285
1 0.838324 0.87035 0.272974 0.0882077 0.547051
1 0.837975 0.870448 0.273697 0.0885454 0.522164
1 0.839977 0.869505 0.269603 0.0901979 0.536375
1 0.84007 0.869864 0.269318 0.0908709 0.548921
1 0.838172 0.870689 0.273715 0.0895774 0.565298
1 0.841072 0.866978 0.268482 0.0943085 0.608328
1 0.839243 0.870245 0.271836 0.0894412 0.583284
1 0.839128 0.869737 0.27154 0.0894517 0.60487
1 0.838991 0.869875 0.271757 0.0892865 0.587675
1 0.837592 0.87035 0.275019 0.0886509 0.54853
1 0.837248 0.870499 0.275824 0.0891623 0.544504
1 0.837296 0.870585 0.275904 0.0891504 0.523011
1 0.837437 0.869923 0.275323 0.0899864 0.529933
1 0.837482 0.870319 0.275377 0.0895325 0.550809
1 0.838064 0.869567 0.274249 0.0892875 0.54858
1 0.838199 0.869782 0.273844 0.0889383 0.523099
1 0.838179 0.869808 0.273633 0.0889363 0.509383
1 0.839582 0.870084 0.271304 0.0897276 0.563308
1 0.83956 0.870232 0.271611 0.0895481 0.55501
1 0.840034 0.87069 0.271547 0.0899469 0.556126
1 0.83728 0.868888 0.274919 0.0883301 0.526
1 0.838015 0.869152 0.273319 0.0895108 0.527622
1 0.838121 0.869602 0.272882 0.0908759 0.527952
1 0.134576 0.969446 0.266824 0.0539239 0.863385
1 0.134631 0.970034 0.266541 0.0550258 0.923378
1 0.134282 0.970994 0.26587 0.0565301 0.935861
1 0.134169 0.971471 0.265212 0.0570587 0.950481
1 0.134332 0.971391 0.265379 0.0572187 0.954777
1 0.134623 0.971468 0.265809 0.0570632 0.951125
1 0.134867 0.971522 0.266268 0.0569553 0.949294
1 0.134975 0.971524 0.266024 0.0569515 0.952377
1 0.135477 0.971578 0.267062 0.0568445 0.953648
1 0.135395 0.971495 0.26673 0.0570093 0.953545
1 0.136085 0.971555 0.267771 0.0568891 0.95481
1 0.136183 0.971545 0.267624 0.0569094 0.95475
1 0.136903 0.971463 0.268562 0.0570733 0.954777
1 0.138109 0.971341 0.270551 0.0573177 0.949726
1 0.137963 0.971316 0.270233 0.0573673 0.95438
1 0.137405 0.971273 0.269007 0.0574549 0.955156
1 0.137559 0.971344 0.269228 0.0573119 0.956389
1 0.137302 0.971247 0.268969 0.0575057 0.953804
1 0.136518 0.970236 0.268974 0.0595271 0.953611
1 0.13659 0.97015 0.269175 0.0596991 0.948847
1 0.136985 0.970066 0.269818 0.0598673 0.950496
1 0.13705 0.970051 0.270074 0.0598982 0.94951
1 0.136873 0.969836 0.269811 0.0603285 0.945966
1 0.137501 0.970014 0.270922 0.0599721 0.954348
1 0.137522 0.970019 0.270769 0.0599621 0.951111
1 0.137594 0.97009 0.270515 0.05982 0.953342
1 0.137642 0.970145 0.270381 0.0597109 0.95311
1 0.137511 0.970167 0.270198 0.0596655 0.952658
1 0.137443 0.970299 0.270004 0.0594029 0.95079
1 0.137544 0.970272 0.27011 0.0594558 0.948896
1 0.137954 0.970392 0.270388 0.0592153 0.953259
1 0.137893 0.970499 0.27005 0.0590015 0.95415
1 0.137502 0.970636 0.269176 0.0587273 0.952138
1 0.137366 0.970691 0.268667 0.0586182 0.948904
1 0.137347 0.970736 0.268426 0.0585276 0.946225
1 0.137414 0.970818 0.268349 0.0583642 0.953586
1 0.137619 0.970787 0.268528 0.0584251 0.955307
1 0.137775 0.970907 0.268637 0.0581861 0.961129
1 0.137703 0.970923 0.26859 0.0581541 0.958169
1 0.13793 0.970926 0.269008 0.0581471 0.954802
1 0.137965 0.970759 0.269232 0.058482 0.955432
1 0.138151 0.970662 0.26956 0.0586766 0.955632
1 0.138716 0.970639 0.270587 0.0587221 0.954877
1 0.139167 0.970682 0.271337 0.0586365 0.955878
1 0.139674 0.970674 0.272279 0.0586522 0.953461
1 0.139645 0.970639 0.272085 0.058723 0.957207
1 0.13994 0.970697 0.272613 0.0586055 0.956534
1 0.140387 0.97059 0.273306 0.0588208 0.948288
1 0.140403 0.970408 0.273264 0.0591832 0.949013
1 0.140904 0.97018 0.273633 0.05964 0.947142
1 0.141328 0.969825 0.273589 0.0603504 0.9435
1 0.141659 0.969685 0.273744 0.0606299 0.943229
1 0.141848 0.969752 0.273343 0.0604965 0.945287
1 0.14179 0.969765 0.272359 0.0604696 0.947386
1 0.141852 0.969674 0.272672 0.0606526 0.946164
1 0.141947 0.969717 0.273372 0.0605654 0.948993
1 0.142165 0.96951 0.273562 0.0609803 0.945812
1 0.141585 0.971015 0.2729 0.0579703 0.947685
1 0.141537 0.971029 0.272894 0.0579418 0.94743
1 0.14298 0.97102 0.275761 0.0579594 0.941775
1 0.143702 0.971153 0.276558 0.0576929 0.928998
1 0.143738 0.971157 0.275942 0.0576869 0.932538
1 0.14431 0.970395 0.276929 0.0592092 0.930373
1 0.144538 0.970502 0.277056 0.0589967 0.932432
1 0.145004 0.970964 0.277569 0.0580729 0.926973
1 0.144623 0.970342 0.276329 0.0593166 0.913972
1 0.144569 0.970625 0.276373 0.0587502 0.900649
1 0.145144 0.970307 0.277829 0.0593863 0.869154
1 0.14627 0.970233 0.279871 0.0595341 0.861912
1 0.14464 0.970854 0.276485 0.0582921 0.910788
1 0.144799 0.970852 0.276538 0.0582962 0.908506
1 0.144854 0.970857 0.276334 0.0582855 0.897202
1 0.146594 0.970412 0.280015 0.0591768 0.882638
1 0.146999 0.970528 0.280722 0.0589448 0.87868
1 0.150869 0.970866 0.287919 0.0582678 0.874619
1 0.146142 0.970335 0.278302 0.0593299 0.90038
1 0.146578 0.970285 0.279023 0.0594291 0.889718
1 0.146047 0.97039 0.277704 0.0592206 0.89429
1 0.146456 0.970547 0.27866 0.0589067 0.888808
1 0.146695 0.970499 0.27906 0.0590022 0.897784
1 0.154721 0.970237 0.296141 0.0591525 0.82948
1 0.153559 0.970746 0.294872 0.0582055 0.853827
1 0.213594 0.969933 0.416009 0.0545648 0.707738
1 0.211078 0.969982 0.410819 0.0547278 0.716163
1 0.179109 0.970871 0.347019 0.0553302 0.739251
1 0.15517 0.971522 0.298463 0.0559519 0.817139
1 0.166081 0.970962 0.32055 0.0560219 0.798391
1 0.203753 0.969322 0.396961 0.0528733 0.648958
1 0.201645 0.96924 0.39336 0.0532438 0.657337
1 0.150553 0.970546 0.286492 0.0563068 0.744129
1 0.150506 0.969561 0.286588 0.0559615 0.733167
1 0.172007 0.969189 0.332906 0.0566676 0.657547
1 0.154453 0.968879 0.29501 0.0534692 0.530247
1 0.134809 0.959725 0.267027 0.0733606 0.643354
8 0.262308 0.15096 0.292654 0.301921 0.53832
1 0.134866 0.960116 0.267047 0.0747695 0.819395
8 0.259746 0.15017 0.288557 0.300339 0.596253
1 0.134982 0.962495 0.266785 0.0712112 0.866409
1 0.134885 0.966485 0.266538 0.0639018 0.895441
8 0.254964 0.153047 0.281201 0.306094 0.509033
1 0.135123 0.967025 0.26687 0.0636015 0.900246
1 0.135447 0.968337 0.267632 0.0616528 0.90798
1 0.136077 0.969627 0.2685 0.0589616 0.911929
1 0.136042 0.97139 0.268601 0.0565739 0.93952
1 0.135628 0.971792 0.268015 0.0555353 0.942419
1 0.135902 0.97171 0.268302 0.0554866 0.942106
1 0.136484 0.971625 0.269042 0.0553875 0.934353
1 0.136213 0.971888 0.268201 0.0556465 0.942053
1 0.136384 0.971864 0.268113 0.0558905 0.938726
1 0.137795 0.971465 0.270435 0.055517 0.931536
1 0.137661 0.971495 0.270123 0.0558141 0.934791
8 0.244973 0.155319 0.264489 0.310639 0.519341
1 0.137543 0.971696 0.269935 0.055996 0.932068
8 0.24292 0.156269 0.260613 0.312537 0.55655
1 0.137659 0.971605 0.27002 0.0556241 0.928171
8 0.242889 0.15599 0.259783 0.31198 0.620277
1 0.137453 0.971702 0.26937 0.0554062 0.912875
8 0.242314 0.159963 0.258569 0.319926 0.567557
1 0.137659 0.971704 0.269665 0.0551094 0.90606
1 0.137642 0.971666 0.26963 0.0550119 0.903502
1 0.137726 0.97112 0.26965 0.0542087 0.780559
1 0.137958 0.971053 0.269592 0.0538846 0.809722
1 0.138654 0.971312 0.272076 0.0541869 0.813353
1 0.157291 0.970866 0.309785 0.0532092 0.701428
1 0.147532 0.970963 0.290148 0.0535785 0.727157
1 0.147365 0.970704 0.290207 0.0532344 0.666734
1 0.189142 0.970486 0.373328 0.0524563 0.622759
1 0.150468 0.97009 0.292468 0.0532412 0.652961
1 0.147731 0.969169 0.287035 0.0581024 0.679962
1 0.183707 0.964526 0.357766 0.0651257 0.534137
1 0.147637 0.969172 0.286986 0.0579981 0.681956
1 0.185582 0.964544 0.361658 0.0648303 0.532814
1 0.142773 0.971002 0.278312 0.0555557 0.791002
1 0.143596 0.968318 0.27849 0.0616674 0.633227
1 0.140086 0.96825 0.273361 0.0634992 0.783395
1 0.151215 0.967476 0.295773 0.0650477 0.76038
1 0.148767 0.967543 0.29036 0.0649142 0.76424
1 0.141053 0.96759 0.274124 0.0648208 0.824808
1 0.141025 0.969245 0.273791 0.0615107 0.782956
1 0.141266 0.968861 0.273698 0.0622774 0.777851
1 0.138306 0.970057 0.269063 0.0598864 0.88931
1 0.138326 0.970052 0.269103 0.0598969 0.889399
1 0.138499 0.969169 0.268419 0.0616627 0.81754
1 0.139179 0.969689 0.270185 0.0606229 0.852672
1 0.14209 0.969235 0.276066 0.0615297 0.825211
1 0.14286 0.966633 0.277794 0.0667339 0.843341
1 0.142828 0.966448 0.277644 0.0671041 0.843474
1 0.142523 0.968627 0.275982 0.062746 0.860793
1 0.141372 0.969497 0.274077 0.0607557 0.853196
1 0.141835 0.968925 0.275411 0.0617901 0.843488
1 0.14302 0.968308 0.276837 0.0626659 0.850261
1 0.143077 0.968268 0.276828 0.0627434 0.847953
1 0.143405 0.968885 0.277156 0.0616444 0.869115
1 0.143762 0.968246 0.277685 0.0635084 0.781317
1 0.142198 0.967946 0.273869 0.0641079 0.826786
1 0.143723 0.967685 0.275721 0.0646308 0.843993
1 0.143785 0.96755 0.275761 0.0648998 0.847906
1 0.144962 0.967756 0.278553 0.0644883 0.874889
1 0.147645 0.968001 0.283837 0.0639983 0.908997
1 0.146184 0.964896 0.281699 0.0702071 0.887492
1 0.145543 0.964149 0.280399 0.0717012 0.905961
1 0.145577 0.963855 0.280657 0.0722901 0.90752
1 0.144705 0.966182 0.279491 0.0676366 0.919119
1 0.144226 0.967167 0.278511 0.0656667 0.913647
1 0.144342 0.965421 0.278325 0.0691583 0.863571
1 0.144306 0.9646 0.278319 0.0708005 0.834912
1 0.144337 0.964544 0.277986 0.0709122 0.824298
1 0.143376 0.966676 0.276975 0.0666471 0.86662
1 0.142985 0.967602 0.276454 0.0647963 0.900724
1 0.142811 0.968202 0.27625 0.0635962 0.907787
1 0.142951 0.968164 0.276385 0.0636723 0.906896
1 0.143104 0.968198 0.276484 0.0636048 0.90573
1 0.143864 0.967731 0.277336 0.0645377 0.877723
1 0.144173 0.968073 0.277686 0.0638535 0.893004
1 0.143696 0.96838 0.277125 0.0632407 0.912046
1 0.145085 0.969938 0.279099 0.060125 0.91778
1 0.14489 0.969826 0.278674 0.0603472 0.92015
1 0.14488 0.969408 0.278455 0.0611835 0.899982
1 0.145092 0.969186 0.278914 0.0616276 0.884683
1 0.144874 0.969275 0.278474 0.0614506 0.882579
1 0.144156 0.964906 0.276206 0.0701888 0.874926
1 0.144252 0.965015 0.276295 0.0699703 0.87379
1 0.144474 0.967136 0.277366 0.0657288 0.889648
1 0.144487 0.966633 0.277674 0.0667344 0.898111
1 0.144736 0.968578 0.278618 0.0628437 0.912083
1 0.145025 0.968459 0.279409 0.0630827 0.887882
1 0.145364 0.968421 0.279675 0.0631589 0.886104
1 0.146088 0.96828 0.279665 0.0634406 0.877605
1 0.14668 0.967582 0.279527 0.0648369 0.898353
1 0.146728 0.967768 0.278662 0.0644635 0.902793
1 0.146589 0.967546 0.278879 0.0649084 0.905979
1 0.146732 0.967522 0.279257 0.0649567 0.908102
1 0.147535 0.968 0.280013 0.0636436 0.888935
1 0.147745 0.96806 0.280605 0.0627399 0.88292
1 0.146977 0.967898 0.278812 0.0623183 0.869522
1 0.147729 0.96819 0.280908 0.0583093 0.714205
1 0.862883 0.878593 0.227097 0.105654 0.624044
1 0.863014 0.878295 0.226886 0.108327 0.583324
1 0.862793 0.880682 0.228403 0.10123 0.546737
1 0.862811 0.880481 0.228249 0.101651 0.549131
1 0.862804 0.880345 0.228089 0.10397 0.503028
1 0.862895 0.88059 0.228676 0.1024 0.526918
1 0.863659 0.879829 0.22724 0.103916 0.526851
1 0.863286 0.881519 0.227982 0.104685 0.511697
1 0.864242 0.876093 0.230311 0.103979 0.539859
1 0.863163 0.875516 0.228009 0.112241 0.708828
1 0.863642 0.880819 0.228638 0.106038 0.509041
1 0.862828 0.881426 0.22657 0.0909876 0.538056
1 0.865008 0.879088 0.226856 0.071151 0.62878
1 0.864314 0.882402 0.228694 0.0851627 0.578872
1 0.863579 0.882848 0.228429 0.0916853 0.553972
1 0.863557 0.882215 0.22885 0.0928673 0.60923
1 0.86383 0.882021 0.22844 0.0885253 0.689995
1 0.864924 0.883623 0.230184 0.0929382 0.538623
1 0.864953 0.883453 0.230208 0.0929428 0.543193
1 0.865065 0.881341 0.230166 0.0939695 0.526961
1 0.864177 0.870544 0.228054 0.105231 0.543256
1 0.863304 0.872457 0.226985 0.107331 0.536738
1 0.13241 0.968077 0.264045 0.0561962 0.849198
1 0.132777 0.96916 0.263691 0.0568335 0.930806
1 0.133028 0.969993 0.263563 0.0575848 0.944323
1 0.133091 0.970625 0.263681 0.0581151 0.947223
1 0.133281 0.970986 0.263756 0.0580278 0.948873
1 0.133493 0.971101 0.264183 0.0577984 0.948057
1 0.133909 0.971247 0.264672 0.0575052 0.94976
1 0.134095 0.971355 0.264851 0.0572898 0.950837
1 0.862768 0.872432 0.225519 0.0891952 0.508947
1 0.134206 0.971407 0.264949 0.0571868 0.951541
1 0.134357 0.971434 0.265225 0.057132 0.952205
1 0.134572 0.971417 0.265492 0.0571657 0.95247
1 0.134811 0.971497 0.265455 0.0570056 0.954251
1 0.135221 0.97145 0.265611 0.0570993 0.954992
1 0.135717 0.971269 0.266121 0.0574626 0.953044
1 0.135755 0.971225 0.266143 0.0575496 0.952776
1 0.135833 0.971128 0.266407 0.0577444 0.952199
1 0.136074 0.971095 0.266904 0.0578108 0.951676
1 0.136273 0.971165 0.267106 0.0576704 0.95289
1 0.136337 0.971166 0.26721 0.0576675 0.95165
1 0.136625 0.97106 0.267667 0.0578794 0.95246
1 0.862569 0.872382 0.226162 0.0889338 0.550734
1 0.136897 0.970974 0.268222 0.0580517 0.951068
1 0.862712 0.872348 0.225802 0.0890242 0.536155
1 0.137043 0.970947 0.268639 0.0581052 0.948962
1 0.86278 0.872697 0.226092 0.0896849 0.530969
1 0.137032 0.970864 0.26872 0.0582712 0.946458
1 0.862567 0.872562 0.22581 0.0892644 0.556636
1 0.137122 0.970802 0.268898 0.058397 0.943474
1 0.86276 0.872455 0.22603 0.0891296 0.517828
1 0.137226 0.970763 0.269131 0.0584733 0.943377
1 0.862737 0.872512 0.226083 0.0892431 0.529037
1 0.137294 0.970793 0.269186 0.0584135 0.943342
1 0.862693 0.872436 0.225894 0.0891301 0.516401
1 0.137291 0.970896 0.268991 0.0582074 0.944882
1 0.862681 0.872458 0.225889 0.0891888 0.513696
1 0.137302 0.970944 0.268654 0.0581129 0.944624
1 0.862741 0.872428 0.226008 0.0890476 0.515114
1 0.137108 0.971094 0.268179 0.0578129 0.946259
1 0.86271 0.872513 0.226074 0.0892467 0.511092
1 0.136945 0.97115 0.267981 0.0576997 0.945552
1 0.862712 0.87241 0.226286 0.0891066 0.513623
1 0.136941 0.971174 0.267789 0.0576527 0.945813
1 0.862727 0.871964 0.225985 0.0882575 0.518119
1 0.137056 0.971221 0.267838 0.0575584 0.946793
1 0.862745 0.872026 0.226216 0.0884527 0.518257
1 0.137119 0.971273 0.267578 0.0574537 0.946565
1 0.862857 0.872068 0.226277 0.0885447 0.512388
1 0.137372 0.971303 0.267883 0.0573933 0.9448
1 0.862858 0.872041 0.226332 0.0884602 0.517983
1 0.136337 0.97053 0.268203 0.0589404 0.946933
1 0.13657 0.970455 0.268277 0.0590899 0.948556
1 0.136738 0.970591 0.268367 0.0588188 0.948565
1 0.138145 0.971354 0.268199 0.0572926 0.949526
1 0.138306 0.971338 0.2683 0.0573231 0.950306
1 0.138576 0.971273 0.26829 0.0574534 0.949817
1 0.138599 0.971231 0.268514 0.0575378 0.948973
1 0.138824 0.971197 0.26886 0.0576059 0.94943
1 0.137783 0.970241 0.269522 0.0595174 0.950173
1 0.138246 0.970084 0.27024 0.0598316 0.950874
1 0.138697 0.970209 0.271015 0.0595821 0.952492
1 0.139116 0.970124 0.271637 0.0597521 0.951988
1 0.139507 0.970144 0.27217 0.0597128 0.950771
1 0.139863 0.970171 0.272867 0.0596588 0.950284
1 0.140099 0.970051 0.27302 0.0598972 0.948255
1 0.140368 0.969825 0.273237 0.0603496 0.947751
1 0.140454 0.969705 0.273176 0.060589 0.949052
1 0.140677 0.96957 0.27331 0.0608606 0.950079
1 0.140863 0.969529 0.273189 0.0609413 0.9504
1 0.140801 0.969541 0.272684 0.0609177 0.95102
1 0.14083 0.969513 0.272268 0.0609732 0.951056
1 0.140841 0.969401 0.272321 0.0611983 0.950866
1 0.140884 0.969322 0.272659 0.0613561 0.950985
1 0.141029 0.969231 0.273012 0.0615375 0.949739
1 0.862636 0.87238 0.225032 0.088816 0.516851
1 0.141003 0.969153 0.273269 0.061693 0.948197
1 0.862925 0.872305 0.22561 0.0887656 0.502495
1 0.14093 0.969124 0.27349 0.0617514 0.946733
1 0.862846 0.872279 0.225899 0.0887585 0.516979
1 0.140822 0.96917 0.273485 0.0616603 0.94658
1 0.862904 0.872188 0.226059 0.0886007 0.51438
1 0.140859 0.969146 0.273491 0.0617087 0.945275
1 0.862848 0.872037 0.226139 0.0883003 0.5128
1 0.140788 0.969128 0.273233 0.0617441 0.944073
1 0.862845 0.872086 0.22621 0.0883774 0.52509
1 0.141003 0.969166 0.273169 0.0616674 0.940544
1 0.862856 0.872058 0.226222 0.0882823 0.523005
1 0.140977 0.96935 0.273058 0.0613005 0.942073
1 0.141069 0.969487 0.273241 0.0610266 0.939191
1 0.141125 0.969393 0.273282 0.0612132 0.93966
1 0.862889 0.872095 0.226295 0.0883723 0.501866
1 0.141041 0.969457 0.273447 0.0610853 0.94027
1 0.140967 0.969421 0.273568 0.0611582 0.941261
1 0.141117 0.969386 0.273811 0.0612272 0.941151
1 0.141567 0.969216 0.273928 0.061569 0.942809
1 0.141625 0.969338 0.274003 0.0613247 0.943798
1 0.141789 0.969423 0.274145 0.0611545 0.943604
1 0.141855 0.969422 0.274136 0.0611562 0.942313
1 0.142115 0.969575 0.274176 0.0608508 0.942855
1 0.142414 0.969558 0.274491 0.0608849 0.942566
1 0.862938 0.872366 0.225846 0.0891231 0.500453
1 0.14269 0.969602 0.274794 0.0607967 0.94406
1 0.142892 0.969654 0.274995 0.0606924 0.944072
1 0.862933 0.872249 0.225761 0.0888771 0.50354
1 0.142725 0.969632 0.27459 0.0607365 0.943968
1 0.143072 0.969701 0.274925 0.0605989 0.945621
1 0.143397 0.969803 0.275291 0.0603941 0.946627
1 0.862902 0.872287 0.225768 0.0889522 0.503715
1 0.143773 0.96992 0.276066 0.0601598 0.948006
1 0.862925 0.872404 0.225854 0.0891205 0.509638
1 0.144079 0.969991 0.276754 0.0600171 0.948343
1 0.862923 0.872846 0.225735 0.0899424 0.507455
1 0.143196 0.969849 0.273841 0.0603022 0.91413
1 0.143203 0.969889 0.273819 0.0602215 0.912038
1 0.143301 0.969964 0.273506 0.060072 0.917882
1 0.143759 0.969819 0.273186 0.0603619 0.916471
1 0.144038 0.969644 0.272474 0.060712 0.910257
1 0.144648 0.969339 0.272325 0.0613223 0.910164
1 0.144273 0.96919 0.272882 0.0616194 0.906206
1 0.144352 0.968928 0.274034 0.0621445 0.913428
1 0.143988 0.969177 0.274744 0.0616461 0.909921
1 0.144022 0.968985 0.274846 0.0619932 0.909036
1 0.144225 0.968388 0.274773 0.0617622 0.893986
1 0.144465 0.967379 0.274929 0.0612585 0.879051
1 0.144063 0.967597 0.27646 0.0570733 0.697572
1 0.86704 0.882993 0.232452 0.102706 0.509238
1 0.871268 0.886383 0.247224 0.115492 0.531223
1 0.87072 0.889789 0.249151 0.118745 0.613131
1 0.87239 0.889341 0.253103 0.123249 0.619513
1 0.870462 0.887265 0.250795 0.115144 0.51075
1 0.870719 0.884978 0.250985 0.110762 0.561173
1 0.869702 0.885951 0.245717 0.115341 0.506606
1 0.870409 0.884383 0.248293 0.113393 0.540863
1 0.803658 0.895403 0.388259 0.139585 0.514866
1 0.873035 0.884192 0.251178 0.115758 0.589413
1 0.803859 0.897968 0.389264 0.140598 0.530324
1 0.873377 0.885955 0.252889 0.120242 0.661859
1 0.803365 0.89729 0.39081 0.140423 0.555837
1 0.873153 0.887767 0.249961 0.123847 0.581105
1 0.802732 0.897004 0.391122 0.140697 0.535787
1 0.871355 0.885922 0.248092 0.119543 0.554595
1 0.802696 0.893316 0.390454 0.139159 0.519657
1 0.802679 0.892991 0.390765 0.143541 0.520044
1 0.803075 0.888517 0.390414 0.155529 0.527831
6 0.325769 0.392169 0.592704 0.647496 0.522126
1 0.816957 0.872569 0.366086 0.0805031 0.679672
1 0.833603 0.88321 0.332794 0.106484 0.825321
1 0.833139 0.88306 0.333723 0.106513 0.818964
1 0.838253 0.878619 0.323493 0.0969694 0.777528
1 0.841067 0.887104 0.317866 0.109651 0.758486
1 0.873979 0.876458 0.248153 0.0845692 0.552318
1 0.871847 0.876521 0.2482 0.0824914 0.555812
1 0.873072 0.876289 0.246538 0.0811733 0.529481
1 0.865164 0.881633 0.266624 0.0999404 0.731538
1 0.860595 0.882405 0.278019 0.101291 0.718475
1 0.833488 0.0896158 0.326371 0.0738104 0.58897
1 0.136251 0.970313 0.268003 0.0567853 0.506329
1 0.136514 0.97027 0.268354 0.0570222 0.574892
1 0.136722 0.970383 0.268849 0.0570066 0.611365
1 0.136716 0.970452 0.268769 0.0571014 0.604508
1 0.136701 0.970517 0.268837 0.0571922 0.633425
1 0.13666 0.970516 0.268764 0.0572496 0.595513
1 0.136402 0.970162 0.268259 0.0592304 0.56502
1 0.136388 0.970162 0.268237 0.0590282 0.544512
1 0.136506 0.966842 0.26834 0.0662636 0.632179
1 0.136607 0.970129 0.268126 0.0585771 0.528104
1 0.136734 0.97006 0.268173 0.0587814 0.552109
1 0.136858 0.970051 0.268138 0.0589096 0.599297
1 0.136953 0.970027 0.267732 0.0588879 0.639895
1 0.137152 0.970083 0.267722 0.0589177 0.640559
1 0.136946 0.970115 0.267795 0.0585229 0.652043
1 0.136896 0.970136 0.267929 0.0582666 0.676189
1 0.136837 0.970248 0.267908 0.0576768 0.661276
1 0.136792 0.970297 0.268194 0.0573921 0.633316
1 0.136807 0.970334 0.268126 0.0569051 0.59805
1 0.136952 0.970299 0.268178 0.0569089 0.618958
1 0.137083 0.970292 0.268334 0.0566269 0.580971
1 0.137194 0.970311 0.268394 0.0565142 0.566607
1 0.137308 0.970362 0.268212 0.0564644 0.547297
1 0.137451 0.970513 0.26882 0.056547 0.594858
1 0.137684 0.970566 0.26905 0.056632 0.538813
1 0.137855 0.970544 0.269074 0.0567087 0.544777
1 0.137883 0.970468 0.26911 0.0568199 0.516714
1 0.138112 0.970351 0.269285 0.0573307 0.512048
1 0.138219 0.970259 0.269266 0.0575994 0.542332
1 0.138613 0.970195 0.269765 0.0576469 0.606814
1 0.139042 0.970184 0.270435 0.0575296 0.659687
1 0.139487 0.970109 0.271013 0.0575085 0.665843
1 0.139768 0.970046 0.271271 0.0574635 0.681109
1 0.140245 0.970006 0.272083 0.0574442 0.693529
1 0.14018 0.969934 0.271857 0.0578175 0.715472
1 0.140255 0.969805 0.27165 0.0581845 0.700151
1 0.140454 0.969691 0.27177 0.0588044 0.726494
1 0.141033 0.969538 0.272221 0.0592382 0.740244
1 0.141493 0.969517 0.272056 0.0594603 0.764463
1 0.141377 0.969453 0.27108 0.0596379 0.732835
1 0.141387 0.969478 0.270525 0.059647 0.738877
1 0.141255 0.969506 0.270309 0.0596895 0.731129
1 0.141207 0.969454 0.270784 0.0596797 0.714426
1 0.141394 0.969327 0.271067 0.0597546 0.709678
1 0.141363 0.969335 0.271376 0.0596815 0.689683
1 0.141453 0.969256 0.272262 0.0592384 0.633196
1 0.141191 0.96923 0.271954 0.0593067 0.584081
1 0.141356 0.969198 0.272399 0.0594577 0.528256
1 0.141333 0.96934 0.271972 0.0591803 0.523716
1 0.141448 0.969499 0.271989 0.0587847 0.50707
1 0.141571 0.969406 0.272632 0.0585228 0.510576
1 0.143428 0.970022 0.276051 0.0574013 0.575459
5 0.481835 0.517875 0.9504 0.540513 0.759737
5 0.480469 0.517247 0.945812 0.539761 0.765278
5 0.481804 0.508529 0.946449 0.511738 0.73263
5 0.480447 0.488988 0.952123 0.535591 0.683725
5 0.478264 0.492789 0.946841 0.517549 0.711275
5 0.477804 0.497509 0.948346 0.538069 0.766516
5 0.479665 0.501721 0.951744 0.539469 0.774562
5 0.481506 0.488128 0.952 0.561999 0.778258
5 0.482102 0.505021 0.951251 0.541825 0.740272
5 0.483791 0.495852 0.954784 0.538681 0.749967
5 0.486121 0.487924 0.953974 0.523364 0.74124
5 0.485112 0.489881 0.951408 0.515058 0.736804
5 0.481857 0.496245 0.94966 0.517476 0.746184
5 0.478103 0.499725 0.941223 0.50974 0.733843
5 0.473316 0.497677 0.932798 0.510458 0.758245
5 0.479579 0.494389 0.947766 0.521359 0.722655
5 0.476886 0.494918 0.943585 0.519539 0.729358
5 0.477688 0.494375 0.945244 0.528422 0.737303
5 0.477989 0.493019 0.946525 0.515645 0.739469
5 0.474292 0.497366 0.94032 0.507663 0.738283
5 0.475027 0.498391 0.941119 0.505359 0.735594
5 0.473236 0.500307 0.937784 0.504011 0.752552
5 0.473982 0.503929 0.939021 0.500107 0.737353
5 0.47514 0.499786 0.942567 0.503025 0.717914
5 0.47382 0.50459 0.94128 0.504588 0.760543
5 0.473674 0.505158 0.939702 0.50459 0.765605
5 0.473589 0.504171 0.93971 0.505329 0.772062
5 0.473756 0.503704 0.938235 0.521124 0.764429
5 0.474451 0.501174 0.942361 0.517804 0.759158
5 0.47663 0.502732 0.947383 0.519261 0.769974
5 0.479454 0.500101 0.95222 0.519987 0.74651
5 0.474766 0.497329 0.940989 0.505712 0.742549
5 0.469534 0.500821 0.934335 0.518785 0.767534
5 0.475104 0.496332 0.94461 0.523279 0.767293
5 0.470826 0.490534 0.93502 0.528841 0.7685
5 0.47369 0.494794 0.941181 0.529689 0.755045
5 0.47274 0.501669 0.939585 0.531707 0.75025
5 0.475657 0.50405 0.94524 0.517709 0.73381
5 0.475224 0.509546 0.940187 0.521044 0.760493
10 0.487438 0.571122 0.752685 0.782763 0.539811
4 0.490622 0.536236 0.740005 0.859149 0.744896
4 0.489851 0.533522 0.750123 0.861957 0.748163
4 0.496236 0.541066 0.752508 0.881333 0.630433
4 0.490485 0.533858 0.758856 0.888983 0.789614
4 0.489825 0.536385 0.752747 0.88613 0.856932
4 0.48566 0.534625 0.755472 0.897943 0.889599
4 0.486048 0.534901 0.756146 0.899353 0.891478
4 0.487623 0.530454 0.760502 0.908472 0.869318
4 0.481612 0.530354 0.784036 0.910102 0.831009
4 0.488595 0.532108 0.756368 0.912517 0.865242
4 0.483097 0.532609 0.780457 0.924545 0.78513
4 0.483217 0.533152 0.781012 0.923808 0.783914
4 0.49012 0.537508 0.752298 0.918563 0.673685
4 0.485676 0.537333 0.75408 0.919148 0.769211
4 0.486857 0.534611 0.758815 0.930778 0.622248
1 0.86225 0.875229 0.222565 0.0786102 0.585348
1 0.489026 0.508203 0.721574 0.983595 0.659336
1 0.492236 0.508807 0.717213 0.982387 0.664144
1 0.496901 0.50113 0.717494 0.99742 0.571173
1 0.496852 0.500088 0.715992 0.996375 0.576219
1 0.15561 0.969465 0.306637 0.053909 0.637852
1 0.140914 0.97007 0.276643 0.0567809 0.816008
1 0.140362 0.970397 0.27535 0.0576018 0.830831
1 0.138596 0.971077 0.272588 0.0578452 0.875432
1 0.13762 0.97122 0.271181 0.0575608 0.911638
1 0.138439 0.971277 0.272529 0.0574468 0.916575
1 0.137595 0.971322 0.271679 0.0573552 0.927278
1 0.137831 0.971291 0.271569 0.0574174 0.926771
1 0.137577 0.971196 0.270898 0.0576089 0.931409
1 0.137736 0.971105 0.270654 0.0577908 0.933538
1 0.137423 0.971155 0.269718 0.0576891 0.936015
1 0.137562 0.971024 0.269887 0.0579521 0.937257
1 0.137741 0.970922 0.270152 0.0581559 0.934322
1 0.137789 0.97079 0.270208 0.0584202 0.936444
1 0.137768 0.970801 0.270181 0.058399 0.937377
1 0.137581 0.970719 0.269991 0.0585611 0.943719
1 0.13759 0.970783 0.270103 0.0584338 0.949222
1 0.137637 0.970717 0.27014 0.0585667 0.948726
1 0.137704 0.970836 0.270158 0.0583283 0.949059
1 0.137623 0.970853 0.270509 0.0582943 0.949874
1 0.137452 0.970858 0.2704 0.0582844 0.950083
1 0.137513 0.970846 0.270572 0.0583079 0.949653
1 0.137661 0.970876 0.270543 0.0582471 0.949997
1 0.1377 0.970828 0.270561 0.0583435 0.949066
1 0.13766 0.970978 0.270171 0.0580434 0.949344
1 0.137369 0.971021 0.269401 0.0579577 0.946712
1 0.137366 0.971112 0.269393 0.0577761 0.948691
1 0.137278 0.97118 0.269231 0.0576393 0.949178
1 0.137106 0.971266 0.268841 0.0574673 0.949644
1 0.137174 0.97123 0.268867 0.0575401 0.946306
1 0.137487 0.971373 0.268806 0.057253 0.944407
1 0.13737 0.971314 0.268452 0.0573718 0.945294
1 0.137713 0.97134 0.26873 0.0573199 0.945982
1 0.137984 0.971295 0.268833 0.0574095 0.945906
1 0.138261 0.97119 0.269227 0.0576207 0.946231
1 0.13971 0.971194 0.271778 0.0576128 0.947457
1 0.139623 0.971287 0.270635 0.0574265 0.931756
1 0.139853 0.971243 0.270853 0.057514 0.930813
1 0.863143 0.90331 0.223811 0.146031 0.539586
1 0.137114 0.972099 0.264731 0.0558016 0.945735
1 0.863 0.891135 0.223322 0.121086 0.604418
1 0.137908 0.97182 0.268587 0.0563602 0.962477
1 0.863302 0.882936 0.223356 0.102944 0.538267
1 0.140226 0.970825 0.272757 0.0583497 0.958941
1 0.13947 0.970862 0.271472 0.0582768 0.96122
1 0.139419 0.970893 0.271388 0.0582139 0.961223
1 0.140308 0.970482 0.272677 0.0590353 0.957715
1 0.139809 0.970601 0.272113 0.0587974 0.951523
1 0.139698 0.970623 0.272086 0.0587545 0.952479
1 0.140635 0.970846 0.273251 0.0583082 0.95466
1 0.140937 0.970694 0.273703 0.0586119 0.951374
1 0.140871 0.970678 0.273268 0.0586443 0.952368
1 0.141287 0.970351 0.273545 0.0592988 0.948553
1 0.141783 0.970413 0.273917 0.0591749 0.946574
1 0.14181 0.970639 0.273174 0.0587219 0.94617
1 0.141635 0.970723 0.272565 0.0585534 0.946614
1 0.14164 0.970837 0.272776 0.0583269 0.953838
1 0.142139 0.970624 0.273416 0.0587517 0.944667
1 0.142388 0.970563 0.274288 0.0588751 0.938298
1 0.14259 0.971013 0.27539 0.0579741 0.941111
1 0.142376 0.971069 0.275296 0.0578615 0.93569
1 0.142859 0.971676 0.276502 0.0566476 0.936449
1 0.142397 0.971749 0.275806 0.056501 0.938058
1 0.141264 0.97171 0.273297 0.0565798 0.94342
1 0.140725 0.971279 0.271815 0.0574427 0.938593
1 0.140658 0.971375 0.271599 0.05725 0.937284
1 0.14019 0.971242 0.270765 0.0575171 0.940894
1 0.141792 0.970778 0.273685 0.0584445 0.944606
1 0.144667 0.971398 0.27662 0.0572043 0.93459
1 0.144612 0.970611 0.278602 0.0579245 0.940214
1 0.144395 0.97063 0.278566 0.0580738 0.939966
1 0.14274 0.97051 0.275147 0.0589793 0.940661
1 0.142879 0.970782 0.275185 0.058435 0.95202
1 0.142493 0.97073 0.274232 0.0585409 0.950156
1 0.142992 0.970812 0.274567 0.0583762 0.941551
1 0.142965 0.970774 0.274452 0.0584521 0.942335
1 0.143026 0.970868 0.274535 0.0582633 0.953856
1 0.143415 0.970987 0.275474 0.0580259 0.956688
1 0.144034 0.971296 0.276543 0.0574074 0.958919
1 0.14388 0.971555 0.276229 0.0568896 0.957233
1 0.143919 0.971509 0.276243 0.0569827 0.95563
1 0.144686 0.97165 0.277048 0.0566994 0.954868
1 0.145032 0.971828 0.277486 0.0563439 0.958047
1 0.145506 0.971739 0.278054 0.0565212 0.956091
1 0.145303 0.971682 0.278223 0.0566352 0.954176
1 0.145335 0.97166 0.27808 0.0566793 0.951817
1 0.145183 0.971548 0.277169 0.0569033 0.946058
1 0.144937 0.971472 0.276295 0.0570569 0.944238
1 0.144771 0.971523 0.275419 0.0569538 0.941032
1 0.144839 0.971582 0.275371 0.0568361 0.945897
1 0.144765 0.971524 0.275057 0.0569513 0.939692
1 0.145085 0.971721 0.275884 0.0565572 0.943698
1 0.145525 0.971859 0.277005 0.0562812 0.945497
1 0.146428 0.971892 0.278617 0.0562152 0.945646
1 0.147781 0.971136 0.280997 0.0548674 0.919259
1 0.150088 0.970469 0.287702 0.053152 0.787672
0 0.7662 0.719773 0.189242 0.228381 0.510971
0 0.76347 0.727153 0.193738 0.251561 0.568094
0 0.761247 0.714572 0.196791 0.283345 0.517172
0 0.762998 0.728576 0.192745 0.252407 0.556406
0 0.765041 0.737611 0.192216 0.232398 0.620752
0 0.76501 0.739325 0.192107 0.228797 0.615666
0 0.765634 0.739426 0.192365 0.228781 0.625174
0 0.766245 0.738441 0.188813 0.232428 0.577689
0 0.767229 0.724817 0.187721 0.254502 0.513612
1 0.875216 0.883442 0.247308 0.107718 0.50842
1 0.875177 0.883505 0.24731 0.107785 0.508899
1 0.875548 0.884271 0.248041 0.108553 0.588229
1 0.875023 0.884352 0.246734 0.107719 0.555756
1 0.873031 0.883417 0.244566 0.101998 0.50062
10 0.467933 0.700106 0.881999 0.599787 0.518602
10 0.467873 0.697892 0.874156 0.604216 0.566209
10 0.467673 0.701945 0.861929 0.59611 0.524566
10 0.466586 0.694027 0.878662 0.611946 0.504655
10 0.467423 0.690564 0.874741 0.618871 0.503242
10 0.469256 0.654512 0.885874 0.690977 0.580466
10 0.474003 0.655308 0.883937 0.689384 0.682966
10 0.473786 0.654554 0.881876 0.690892 0.603307
10 0.473103 0.610802 0.878863 0.778395 0.515469
1 0.159132 0.972949 0.316648 0.0529334 0.539142
1 0.161332 0.97323 0.322127 0.053539 0.589071
1 0.16341 0.972955 0.32682 0.0540906 0.613234
1 0.93596 0.894671 0.127537 0.128166 0.621535
1 0.0784621 0.948108 0.146305 0.0991554 0.557977
1 0.159036 0.923275 0.305139 0.0519515 0.599278
1 0.15937 0.923583 0.304108 0.0516372 0.590813
1 0.162188 0.921952 0.30203 0.051125 0.647442
1 0.16133 0.921582 0.299944 0.0511704 0.65671
1 0.16534 0.921437 0.308516 0.0502135 0.62351
1 0.165356 0.920994 0.307056 0.0499681 0.605953
1 0.161594 0.920777 0.297624 0.0516069 0.616265
1 0.160452 0.919741 0.29565 0.0551848 0.654838
1 0.162503 0.920199 0.299395 0.0544343 0.652236
1 0.163572 0.920139 0.301892 0.0568203 0.678448
1 0.162752 0.92039 0.299827 0.0561338 0.682699
1 0.165019 0.920429 0.304464 0.056148 0.633951
1 0.166873 0.920003 0.309907 0.0573847 0.606339
1 0.168307 0.920478 0.314078 0.0565681 0.569604
1 0.169735 0.9211 0.318404 0.0547915 0.565687
1 0.167216 0.921447 0.313333 0.054173 0.571187
1 0.0638361 0.946634 0.123927 0.0996305 0.529439
1 0.0639215 0.946135 0.124424 0.0984243 0.62019
1 0.063914 0.945369 0.124553 0.0967335 0.677088
1 0.0637801 0.945502 0.124566 0.0964895 0.707518
1 0.0636611 0.945524 0.124577 0.0964953 0.685044
1 0.0635388 0.945565 0.124529 0.0964274 0.633728
1 0.249118 0.927205 0.493116 0.0821055 0.502979
1 0.244998 0.92764 0.485401 0.0823875 0.508424
1 0.202435 0.923606 0.375889 0.0551034 0.50544
1 0.250052 0.926881 0.495242 0.0830727 0.504734
1 0.15198 0.923584 0.303961 0.052213 0.586619
1 0.0645363 0.943034 0.124777 0.0927563 0.663627
1 0.0646985 0.942371 0.124591 0.0908291 0.586036
1 0.0671153 0.944326 0.131226 0.100068 0.55134
1 0.066787 0.944803 0.130454 0.101614 0.593496
1 0.0668173 0.945102 0.130323 0.102304 0.636125
1 0.0669539 0.945195 0.130525 0.102126 0.598919
1 0.0978254 0.925165 0.192471 0.0569373 0.883025
0 0.434028 0.239255 0.107776 0.220004 0.700334
0 0.435785 0.240533 0.107742 0.218917 0.795669
0 0.437146 0.239246 0.109363 0.215752 0.662924
0 0.4378 0.238125 0.108793 0.215803 0.668507
0 0.438558 0.236869 0.108394 0.216343 0.688855
0 0.438916 0.236073 0.107734 0.217069 0.730731
0 0.438238 0.236842 0.109454 0.216165 0.632373
0 0.440806 0.235915 0.106901 0.215196 0.615427
0 0.441622 0.238968 0.105868 0.211641 0.501086
5 0.455386 0.809801 0.377739 0.380398 0.550594
5 0.456364 0.808258 0.374671 0.38133 0.620096
5 0.480957 0.798754 0.450276 0.402491 0.832462
5 0.482675 0.79946 0.455413 0.401081 0.768314
5 0.482482 0.799915 0.45964 0.400171 0.788519
5 0.482725 0.800379 0.460447 0.399241 0.795961
5 0.483083 0.798823 0.464305 0.402353 0.815437
5 0.48274 0.79506 0.471822 0.40988 0.657363
1 0.146312 0.96907 0.287624 0.0518092 0.688286
1 0.146097 0.969258 0.286841 0.0533869 0.77747
1 0.14516 0.970206 0.284734 0.0535272 0.822053
1 0.14445 0.970777 0.282955 0.0538778 0.844302
1 0.145216 0.97089 0.284354 0.0544504 0.852998
1 0.140727 0.97111 0.276183 0.0548697 0.881436
10 0.608355 0.669924 0.121424 0.0900157 0.549714
1 0.140683 0.971273 0.276011 0.0551371 0.88589
1 0.139904 0.971408 0.274395 0.0551103 0.901278
1 0.14154 0.971437 0.277503 0.0551741 0.90147
1 0.142447 0.971325 0.279116 0.055038 0.901265
1 0.142755 0.971392 0.279433 0.0552322 0.902169
1 0.143057 0.971352 0.279656 0.0553801 0.901088
1 0.143296 0.971371 0.2797 0.0553207 0.893761
1 0.142474 0.971354 0.27797 0.0551205 0.889569
1 0.142589 0.97135 0.277932 0.0553029 0.891263
1 0.140554 0.971451 0.274023 0.0556332 0.902702
1 0.140328 0.971537 0.273358 0.0557104 0.901181
1 0.13967 0.971704 0.2724 0.0561355 0.907315
1 0.139336 0.971699 0.271116 0.0561817 0.911648
1 0.139551 0.971674 0.271391 0.0561377 0.914686
1 0.139659 0.971482 0.27178 0.0557043 0.918371
1 0.139826 0.971487 0.272345 0.0555791 0.92126
1 0.140593 0.971345 0.273516 0.0553165 0.915084
1 0.140861 0.971342 0.273993 0.0552787 0.912897
1 0.140945 0.971213 0.274019 0.0550666 0.911455
1 0.141097 0.97111 0.274379 0.0548739 0.919742
1 0.142188 0.971023 0.275963 0.0546747 0.916101
1 0.14251 0.970939 0.27662 0.0543807 0.913785
1 0.142516 0.971025 0.276654 0.054214 0.903624
1 0.141948 0.970913 0.275638 0.0539409 0.901999
1 0.142939 0.97085 0.277297 0.0536686 0.896363
1 0.143419 0.970875 0.27762 0.053419 0.891468
1 0.143223 0.970982 0.277647 0.0533913 0.907356
1 0.142425 0.971145 0.276099 0.0536576 0.914688
1 0.142275 0.971114 0.275811 0.0536692 0.917318
1 0.142191 0.9713 0.275321 0.0538982 0.926406
1 0.141915 0.971611 0.27475 0.0539345 0.934695
1 0.141836 0.971623 0.274626 0.0540461 0.934248
1 0.142366 0.971845 0.275548 0.0539921 0.941059
1 0.142438 0.97178 0.275847 0.0538832 0.939681
1 0.142607 0.972352 0.275841 0.0536918 0.945904
1 0.142383 0.972135 0.275551 0.0542053 0.946084
1 0.142542 0.972008 0.275696 0.0541112 0.946165
1 0.142234 0.971938 0.275218 0.0546403 0.939659
1 0.142271 0.971872 0.275265 0.0547146 0.9408
1 0.142301 0.971813 0.27553 0.0547756 0.941195
1 0.142316 0.971687 0.275538 0.0546658 0.941957
1 0.141744 0.971799 0.27476 0.0548378 0.946502
1 0.141637 0.97176 0.274347 0.0548639 0.947471
1 0.141594 0.971772 0.273975 0.0549097 0.948889
1 0.141827 0.971813 0.273903 0.0550726 0.951152
1 0.141795 0.971927 0.273208 0.0553526 0.950567
1 0.141897 0.972014 0.272942 0.0555894 0.95214
1 0.142049 0.972081 0.273372 0.0555412 0.953312
1 0.142103 0.972111 0.2734 0.0555694 0.952136
1 0.142152 0.972198 0.273886 0.0554851 0.953389
1 0.142417 0.972258 0.274231 0.0554848 0.954083
1 0.142277 0.972335 0.274196 0.0553153 0.953908
1 0.141656 0.972242 0.273729 0.0551958 0.951881
1 0.141754 0.972212 0.273794 0.0551661 0.95098
1 0.140953 0.972989 0.271635 0.0540223 0.949767
1 0.140003 0.97365 0.269585 0.0526993 0.94324
1 0.142771 0.973151 0.273662 0.0536015 0.945965
1 0.144167 0.97298 0.276714 0.0540404 0.94306
1 0.144236 0.972934 0.276841 0.0541329 0.94532
1 0.143567 0.973019 0.276855 0.0539624 0.94418
1 0.141921 0.949706 0.272389 0.100588 0.913931
1 0.142265 0.954906 0.27375 0.0901889 0.936083
1 0.144064 0.965837 0.276605 0.0683255 0.940388
1 0.144141 0.966027 0.276668 0.0679469 0.939421
1 0.145373 0.970735 0.278067 0.0585297 0.930641
1 0.146314 0.971359 0.279656 0.055883 0.921291
1 0.145737 0.971985 0.278527 0.0554605 0.906685
1 0.144988 0.972084 0.277447 0.0558329 0.918908
1 0.144867 0.97215 0.277057 0.0557 0.923475
1 0.144859 0.972254 0.277957 0.0554919 0.912214
1 0.14475 0.972221 0.277584 0.0555581 0.915555
1 0.144706 0.972284 0.276252 0.0554316 0.916029
1 0.144584 0.97228 0.275869 0.0554409 0.914953
1 0.14476 0.972317 0.277306 0.0553668 0.920632
1 0.144788 0.972291 0.277144 0.055418 0.924707
1 0.145103 0.972274 0.277622 0.0554523 0.927042
1 0.14514 0.972262 0.277842 0.0554752 0.928319
1 0.145154 0.972259 0.27794 0.0554829 0.929058
1 0.145411 0.972193 0.278372 0.0556131 0.934184
1 0.145362 0.972251 0.279314 0.0554979 0.931227
1 0.145869 0.972156 0.27994 0.0556878 0.93703
1 0.1452 0.97215 0.280085 0.0556993 0.92551
1 0.145351 0.972138 0.280554 0.0557238 0.923702
1 0.144588 0.971951 0.279973 0.0560979 0.924055
1 0.143629 0.971615 0.279597 0.0567696 0.921384
1 0.143534 0.97149 0.280567 0.0570203 0.913915
1 0.141584 0.971877 0.281249 0.0555386 0.774055
1 0.865107 0.885065 0.225378 0.101929 0.507407
1 0.865172 0.884967 0.225295 0.101893 0.50733
1 0.86447 0.882941 0.224545 0.102778 0.517716
1 0.873723 0.883694 0.252554 0.107212 0.825505
1 0.873687 0.883621 0.252627 0.107073 0.816043
1 0.873662 0.883279 0.252676 0.106439 0.822434
1 0.873891 0.88321 0.252217 0.106355 0.819309
1 0.873914 0.88339 0.252172 0.106604 0.788589
1 0.873878 0.883342 0.252244 0.106576 0.807021
1 0.873968 0.883094 0.252065 0.10618 0.779151
1 0.874002 0.88361 0.251997 0.107178 0.735664
1 0.873817 0.883041 0.252367 0.106425 0.754217
1 0.873904 0.88361 0.252193 0.107818 0.730933
1 0.873897 0.883629 0.252207 0.107942 0.726148
1 0.873598 0.883545 0.252573 0.107561 0.670988
1 0.87363 0.883631 0.251947 0.107919 0.681711
1 0.873675 0.883827 0.252296 0.10864 0.7045
1 0.873371 0.883329 0.252298 0.107529 0.680195
1 0.873408 0.883411 0.252246 0.107863 0.667961
1 0.872299 0.882729 0.249285 0.106113 0.583195
1 0.87253 0.882863 0.249375 0.106367 0.588448
1 0.873165 0.882701 0.250729 0.105953 0.588513
1 0.873621 0.883986 0.249951 0.109199 0.598847
1 0.873566 0.884026 0.250191 0.109197 0.583016
1 0.873855 0.8848 0.249849 0.110407 0.558888
1 0.87339 0.884543 0.248541 0.109615 0.522626
1 0.873674 0.884444 0.249443 0.109291 0.54053
1 0.873248 0.884503 0.248043 0.109486 0.540566
1 0.866084 0.880493 0.231227 0.100284 0.512162
1 0.871333 0.884827 0.243366 0.109727 0.500035
1 0.865093 0.880643 0.228574 0.100712 0.507657
1 0.864883 0.880743 0.227553 0.10077 0.559196
1 0.865598 0.880535 0.228506 0.100656 0.551286
1 0.865323 0.880443 0.227842 0.0999872 0.577152
1 0.86564 0.88084 0.228552 0.100772 0.605857
1 0.865649 0.880581 0.227564 0.0994403 0.614197
1 0.865531 0.880573 0.227047 0.0992481 0.643653
1 0.865867 0.880934 0.22772 0.099848 0.578565
1 0.865776 0.880582 0.227206 0.0997311 0.606319
1 0.865635 0.88126 0.2271 0.0995542 0.587455
1 0.865393 0.882059 0.226378 0.100801 0.621633
1 0.864987 0.882358 0.225634 0.1022 0.617661
1 0.864988 0.88274 0.225436 0.102591 0.590017
1 0.86498 0.882387 0.225069 0.102796 0.607887
1 0.86498 0.882351 0.225336 0.102739 0.586179
1 0.865162 0.882674 0.22535 0.102867 0.625728
1 0.865404 0.882464 0.225593 0.101728 0.591767
1 0.865507 0.883063 0.225559 0.100552 0.608502
1 0.865762 0.885854 0.226268 0.105585 0.584755
1 0.865907 0.885913 0.226299 0.105412 0.587241
1 0.866086 0.883917 0.226258 0.10142 0.601584
1 0.865941 0.884471 0.226124 0.103189 0.59083
1 0.866203 0.886627 0.22726 0.106988 0.560784
1 0.866059 0.886768 0.227219 0.10741 0.523571
1 0.86644 0.887273 0.22851 0.107859 0.501605
1 0.864024 0.885857 0.227665 0.103504 0.544424
1 0.863717 0.88401 0.22756 0.106151 0.539367
1 0.863498 0.882312 0.22737 0.106525 0.506686
10 0.534686 0.520185 0.924942 0.907201 0.528215
10 0.536371 0.520378 0.922071 0.90706 0.539769
10 0.537194 0.520588 0.920439 0.907088 0.563228
10 0.543361 0.520347 0.908423 0.906455 0.554421
10 0.53931 0.519981 0.916791 0.907608 0.550923
10 0.535304 0.51962 0.92508 0.908288 0.562571
10 0.539857 0.520027 0.916111 0.907865 0.576302
10 0.539388 0.520182 0.917051 0.907825 0.574703
10 0.536324 0.520607 0.922123 0.908278 0.565232
10 0.53507 0.520845 0.925018 0.907462 0.563402
10 0.538917 0.521144 0.917563 0.907343 0.561626
10 0.535085 0.520924 0.925564 0.907769 0.546268
10 0.536038 0.520621 0.923754 0.908004 0.533752
10 0.537401 0.520471 0.920744 0.908081 0.531613
10 0.532043 0.520542 0.930798 0.909495 0.511575
10 0.499871 0.516391 0.987946 0.898842 0.514774
10 0.499928 0.516727 0.98806 0.898658 0.51607
10 0.500156 0.516817 0.987912 0.899437 0.533678
10 0.50011 0.516804 0.987782 0.90021 0.529593
10 0.499891 0.517393 0.988302 0.900431 0.543408
10 0.499793 0.51739 0.98802 0.900123 0.51587
10 0.534981 0.523809 0.922866 0.909643 0.509542
10 0.532961 0.524008 0.926598 0.909638 0.503493
10 0.53855 0.523872 0.91563 0.909215 0.507974
10 0.547952 0.523794 0.900165 0.907556 0.540161
10 0.50111 0.517791 0.986656 0.897816 0.526128
10 0.501151 0.51777 0.986552 0.898381 0.546754
10 0.500839 0.517227 0.988001 0.898945 0.586065
10 0.500631 0.517227 0.988429 0.897998 0.63137
10 0.500119 0.517284 0.989268 0.897588 0.637072
10 0.500225 0.517012 0.989199 0.899028 0.632561
10 0.50032 0.517145 0.988678 0.899282 0.610371
10 0.500491 0.51713 0.98772 0.899615 0.562605
10 0.500835 0.517151 0.988107 0.900164 0.593556
10 0.500719 0.517244 0.988276 0.899567 0.610708
10 0.500515 0.517512 0.988378 0.899462 0.589991
10 0.500512 0.517477 0.988291 0.899374 0.57215
10 0.527628 0.522275 0.940393 0.908455 0.572254
10 0.530945 0.522397 0.933768 0.90711 0.594604
10 0.524768 0.522145 0.946084 0.908082 0.540718
10 0.526335 0.522097 0.942963 0.908223 0.548859
10 0.523121 0.522043 0.949211 0.908702 0.536262
10 0.499745 0.516966 0.990466 0.899249 0.530992
10 0.499804 0.517191 0.990007 0.898722 0.558032
10 0.49978 0.517329 0.990372 0.899397 0.580828
10 0.500294 0.51723 0.989545 0.898942 0.602637
10 0.50047 0.517218 0.989384 0.899217 0.603617
10 0.500399 0.51729 0.989592 0.899313 0.596043
10 0.500187 0.517657 0.989743 0.899009 0.605986
10 0.499835 0.516967 0.990094 0.900299 0.561628
10 0.499682 0.517191 0.989811 0.899886 0.534497
10 0.500165 0.517107 0.989605 0.900258 0.53666
10 0.500203 0.517018 0.989199 0.900862 0.511052
10 0.500493 0.517107 0.988448 0.898983 0.546846
10 0.50046 0.518027 0.987813 0.899294 0.525969
10 0.500634 0.517762 0.989135 0.899994 0.559801
10 0.500583 0.518428 0.989272 0.899319 0.569942
10 0.500581 0.518303 0.989931 0.899923 0.591517
10 0.500786 0.517882 0.99018 0.899652 0.620732
10 0.500864 0.519 0.98938 0.899725 0.63782
10 0.500468 0.518165 0.990855 0.900234 0.665748
10 0.500242 0.519015 0.99106 0.903031 0.677273
10 0.500242 0.519028 0.990808 0.904397 0.671723
10 0.499825 0.518324 0.991338 0.904604 0.641438
10 0.499393 0.51875 0.991683 0.904728 0.626993
10 0.499299 0.519018 0.991912 0.905194 0.583791
10 0.498856 0.519305 0.992006 0.905116 0.58036
10 0.498747 0.519339 0.992342 0.904894 0.556418
10 0.498678 0.519316 0.992222 0.906007 0.592235
1 0.870578 0.873764 0.244226 0.0891338 0.631263
1 0.870294 0.874921 0.243231 0.0911889 0.624945
1 0.870414 0.875369 0.242959 0.0921048 0.62365
1 0.870153 0.87587 0.241935 0.0928457 0.574901
1 0.870404 0.875939 0.242911 0.0924749 0.585007
1 0.871304 0.876292 0.244872 0.0935448 0.571126
1 0.870826 0.877351 0.244087 0.0954679 0.550913
1 0.870803 0.87836 0.24489 0.0973708 0.536338
1 0.87088 0.879234 0.245688 0.0990382 0.543063
1 0.869945 0.879322 0.243853 0.0989468 0.506453
1 0.869872 0.879115 0.244461 0.0988319 0.519803
1 0.870541 0.878415 0.245811 0.0974148 0.506609
1 0.870276 0.878243 0.245192 0.0969427 0.525794
1 0.870837 0.877431 0.245915 0.0962428 0.530146
1 0.872031 0.877558 0.249004 0.0972797 0.507488
1 0.872084 0.877867 0.25004 0.097806 0.554556
1 0.872306 0.877037 0.249263 0.0965696 0.526953
1 0.872139 0.876999 0.249222 0.0964549 0.56668
1 0.871927 0.876508 0.248569 0.0952468 0.608553
1 0.872187 0.87584 0.2491 0.0941874 0.624862
1 0.872472 0.874615 0.248576 0.0919872 0.606451
1 0.872523 0.873485 0.249616 0.090218 0.62463
1 0.872704 0.872308 0.25018 0.0880456 0.593711
1 0.872796 0.872132 0.250386 0.0880362 0.576293
1 0.872802 0.871515 0.250604 0.087175 0.565314
1 0.872675 0.872617 0.249936 0.0893021 0.53485
1 0.872704 0.874957 0.249926 0.0936981 0.500254
1 0.872923 0.873727 0.250523 0.0915819 0.549089
1 0.872514 0.874864 0.249923 0.0936482 0.550424
1 0.872539 0.87451 0.250108 0.0928147 0.60858
1 0.872689 0.87505 0.250749 0.0939123 0.575244
1 0.872615 0.875769 0.250905 0.0952239 0.588904
1 0.87277 0.876807 0.250423 0.097323 0.56303
1 0.872433 0.87833 0.250672 0.100516 0.594012
1 0.872264 0.878393 0.250478 0.100709 0.614527
1 0.872294 0.878846 0.250693 0.101803 0.609771
1 0.872474 0.878646 0.251485 0.101531 0.641915
1 0.872644 0.877379 0.250792 0.0993679 0.630549
1 0.872685 0.876413 0.250541 0.0972769 0.65786
1 0.872432 0.875463 0.250075 0.0953445 0.654195
1 0.87204 0.876017 0.249852 0.0963229 0.652998
1 0.871926 0.874686 0.249977 0.0937491 0.638527
1 0.872736 0.874168 0.249431 0.0924503 0.6338
1 0.872731 0.873151 0.249161 0.0904454 0.647507
1 0.87291 0.872248 0.249292 0.0887649 0.655028
1 0.873065 0.872315 0.249643 0.0892148 0.652002
1 0.872939 0.87214 0.250786 0.0886619 0.6813
1 0.873294 0.873918 0.249095 0.0915878 0.656745
1 0.872731 0.876557 0.246026 0.0966419 0.662192
1 0.872445 0.877886 0.244483 0.0997561 0.633041
1 0.868646 0.875555 0.238619 0.0953466 0.689258
1 0.873562 0.88267 0.249322 0.108191 0.666108
5 0.850102 0.600874 0.296178 0.626672 0.595098
5 0.851654 0.481046 0.294502 0.832355 0.702976
5 0.857587 0.487107 0.282843 0.838393 0.697217
5 0.864782 0.554422 0.268533 0.663688 0.596266
5 0.881187 0.582344 0.236107 0.524938 0.70599
1 0.873419 0.882518 0.240788 0.101142 0.509771
1 0.134506 0.971552 0.265992 0.0544423 0.67935
1 0.134693 0.971586 0.266415 0.0546895 0.689531
1 0.135217 0.97106 0.267345 0.0546189 0.762689
1 0.134699 0.971759 0.266732 0.0563588 0.883279
1 0.135047 0.971841 0.267017 0.056319 0.871423
1 0.134894 0.971897 0.26662 0.0562051 0.891617
1 0.13502 0.971899 0.266799 0.0562026 0.889518
1 0.135629 0.971874 0.267681 0.0562529 0.880978
1 0.135845 0.971899 0.267538 0.0562016 0.84548
1 0.135985 0.971848 0.267425 0.0563042 0.860844
1 0.135262 0.971617 0.265842 0.0567661 0.908346
1 0.1353 0.971557 0.265707 0.056886 0.912435
1 0.135723 0.971286 0.266435 0.0574285 0.906669
1 0.136059 0.971385 0.267244 0.0572303 0.91581
1 0.137153 0.971526 0.26918 0.0569477 0.907113
1 0.137144 0.971513 0.269215 0.0567476 0.884649
1 0.137186 0.971524 0.269104 0.0567449 0.878966
1 0.13694 0.971756 0.268325 0.0564883 0.921284
1 0.137516 0.971013 0.269693 0.0579749 0.895841
1 0.138475 0.971011 0.271053 0.0579771 0.882931
1 0.13857 0.970838 0.270932 0.0583249 0.882587
1 0.138268 0.970787 0.27062 0.0584262 0.893059
1 0.136414 0.971704 0.267761 0.0565926 0.895509
1 0.135243 0.971531 0.26507 0.0569389 0.885649
1 0.136039 0.971707 0.266051 0.0565858 0.898147
1 0.137016 0.971779 0.267845 0.0564415 0.89333
1 0.136929 0.971798 0.267793 0.0564046 0.893963
1 0.141227 0.971202 0.275881 0.0575958 0.876742
1 0.138554 0.971174 0.27047 0.0554992 0.844044
1 0.137457 0.971091 0.267853 0.0554505 0.859289
1 0.136568 0.971003 0.266589 0.0571878 0.867248
1 0.13672 0.970982 0.26652 0.0571068 0.870935
1 0.137034 0.970984 0.266323 0.0572482 0.839096
1 0.136928 0.970982 0.266146 0.0580354 0.87149
1 0.137925 0.971414 0.266755 0.0565385 0.877136
1 0.138026 0.971739 0.267008 0.0565217 0.891794
1 0.138175 0.971755 0.267171 0.0564907 0.887121
1 0.138404 0.971821 0.267819 0.0563588 0.877283
1 0.138396 0.971899 0.268047 0.056201 0.897427
1 0.138514 0.971796 0.268218 0.0564081 0.907956
1 0.139014 0.971878 0.26949 0.0562447 0.907386
1 0.139043 0.971848 0.269618 0.0563039 0.910522
1 0.139335 0.97193 0.270473 0.0561406 0.912956
1 0.138789 0.971614 0.271546 0.0567729 0.920001
1 0.139015 0.971626 0.272279 0.0567483 0.932068
1 0.138811 0.971666 0.272083 0.0566682 0.930939
1 0.138972 0.971578 0.272072 0.0568437 0.930138
1 0.140236 0.972049 0.272427 0.0558338 0.925111
1 0.139392 0.971626 0.272442 0.0567481 0.931945
1 0.13939 0.971259 0.271982 0.0570124 0.918624
1 0.138698 0.971133 0.270644 0.0572779 0.933841
1 0.138788 0.970985 0.270442 0.0573578 0.935101
1 0.139819 0.970994 0.271597 0.0555504 0.912542
1 0.140137 0.970797 0.273545 0.0553977 0.898452
1 0.13913 0.970441 0.278259 0.0551973 0.797131
1 0.139907 0.970573 0.275219 0.0548232 0.833134
1 0.139871 0.970654 0.274735 0.0544666 0.842943
1 0.140306 0.971174 0.274362 0.0532006 0.692315
1 0.140224 0.970703 0.273324 0.0547361 0.711897
1 0.142544 0.971552 0.274417 0.0568955 0.938469
1 0.141896 0.971515 0.273079 0.0569707 0.936256
1 0.14392 0.971634 0.276681 0.0567311 0.930127
1 0.143332 0.971461 0.275364 0.0570772 0.908666
1 0.142694 0.971351 0.274238 0.0572985 0.867652
1 0.142916 0.97126 0.274959 0.0574804 0.8508
1 0.143165 0.971488 0.275728 0.0570238 0.840384
1 0.14276 0.971605 0.275964 0.0567907 0.847935
1 0.142948 0.971979 0.276752 0.0560423 0.873722
1 0.142165 0.972107 0.27665 0.0557867 0.803571
1 0.143641 0.972197 0.279209 0.0556051 0.757633
1 0.143998 0.972147 0.279687 0.0557063 0.752204
1 0.144086 0.971855 0.278068 0.0562904 0.857676
1 0.145022 0.971988 0.279882 0.0560232 0.865172
1 0.145349 0.971926 0.280272 0.0561481 0.872878
1 0.144774 0.97187 0.279129 0.0562602 0.903785
1 0.144802 0.971841 0.279084 0.056319 0.905384
1 0.145126 0.97186 0.279315 0.0562796 0.883793
1 0.145377 0.971927 0.279812 0.0561467 0.873815
1 0.145733 0.972015 0.280068 0.0559694 0.856935
1 0.145974 0.971975 0.279896 0.0560492 0.847214
1 0.148465 0.972163 0.280861 0.0556737 0.835743
1 0.14684 0.971837 0.280688 0.0563259 0.797845
1 0.147074 0.971436 0.280745 0.0571281 0.799832
1 0.146925 0.971382 0.279685 0.0572368 0.861491
1 0.146632 0.971006 0.278754 0.057988 0.877957
1 0.146586 0.970991 0.27862 0.0580179 0.855401
1 0.145336 0.970496 0.276949 0.0590082 0.830471
1 0.14258 0.969652 0.272639 0.0581237 0.633424
1 0.144862 0.969293 0.275837 0.0572879 0.622495
1 0.147459 0.969066 0.279673 0.0557453 0.59524
