1 0.134011 0.970833 0.266737 0.0516562
1 0.134151 0.971021 0.266704 0.0537414
1 0.134329 0.971396 0.267077 0.0546868
1 0.134637 0.97174 0.267699 0.0553745
1 0.134867 0.971868 0.268029 0.0556261
1 0.135301 0.972039 0.268636 0.0559216
1 0.135417 0.972085 0.268809 0.0558306
1 0.135561 0.972083 0.269205 0.0558334
1 0.13559 0.972129 0.269257 0.0557416
1 0.136022 0.972148 0.269964 0.0557043
1 0.136356 0.972156 0.2701 0.0556878
1 0.13646 0.972121 0.26968 0.055758
1 0.136401 0.972039 0.268924 0.0559217
1 0.136568 0.971831 0.268987 0.0563376
1 0.136703 0.971871 0.269177 0.0562584
1 0.136369 0.971887 0.268379 0.0562251
1 0.136141 0.971903 0.267895 0.0561944
1 0.13614 0.971938 0.267838 0.0561231
1 0.136643 0.971997 0.268636 0.0560055
1 0.136858 0.97203 0.269013 0.0559401
1 0.136714 0.972054 0.268954 0.055893
1 0.136789 0.972059 0.269421 0.0558829
1 0.136996 0.972066 0.269835 0.0558683
1 0.137236 0.971988 0.270151 0.056025
1 0.137361 0.971904 0.270179 0.0561917
1 0.137381 0.971904 0.270083 0.0561911
1 0.13748 0.971883 0.269938 0.0562336
1 0.13734 0.971919 0.269511 0.0561615
1 0.137404 0.972014 0.269808 0.0559724
1 0.137567 0.972044 0.270044 0.0559126
1 0.13763 0.971968 0.26994 0.0557249
1 0.137658 0.971851 0.269766 0.0554653
1 0.137813 0.971807 0.269817 0.0553226
1 0.137798 0.972069 0.269718 0.0556367
1 0.137786 0.972116 0.269591 0.0556896
1 0.137981 0.972113 0.269582 0.0557733
1 0.137963 0.972099 0.269469 0.0558013
1 0.138594 0.972033 0.270336 0.055702
1 0.138967 0.971983 0.270755 0.055732
1 0.139461 0.971853 0.271301 0.0559072
1 0.139433 0.971887 0.271277 0.0562253
1 0.138184 0.971464 0.270472 0.057071
1 0.138592 0.971423 0.270815 0.057154
1 0.138601 0.971081 0.270709 0.0578384
1 0.13904 0.97059 0.271064 0.058821
1 0.139189 0.970429 0.27126 0.0591417
1 0.140204 0.971725 0.273124 0.0565507
1 0.140497 0.971715 0.273445 0.0565702
1 0.13991 0.971341 0.272067 0.0573177
1 0.140248 0.968869 0.272241 0.062262
1 0.140675 0.9682 0.272541 0.0636004
1 0.141191 0.969972 0.273925 0.0600564
1 0.140949 0.968108 0.272638 0.0637836
1 0.140824 0.96814 0.272238 0.0637207
1 0.140844 0.968566 0.272398 0.0628682
1 0.140817 0.968331 0.272603 0.0633387
1 0.141282 0.968822 0.273491 0.0623552
1 0.141486 0.967063 0.273542 0.0658745
1 0.141557 0.968064 0.274232 0.0638712
1 0.141366 0.966542 0.274055 0.0669155
1 0.141176 0.967367 0.27354 0.0652661
1 0.141275 0.969048 0.273422 0.0619036
1 0.141504 0.968532 0.273232 0.062936
1 0.141519 0.970752 0.273003 0.0584969
1 0.141979 0.970086 0.273903 0.0598284
1 0.142265 0.970241 0.274656 0.0595174
1 0.142359 0.970765 0.274807 0.058471
1 0.142577 0.970524 0.275291 0.058952
1 0.142921 0.969756 0.275726 0.0604874
1 0.143395 0.969009 0.276254 0.0619829
1 0.144086 0.969456 0.277033 0.0610875
1 0.144483 0.969184 0.276957 0.0616327
1 0.144701 0.970567 0.276627 0.0588663
1 0.144686 0.970883 0.276099 0.057631
1 0.144954 0.971231 0.276159 0.0569667
1 0.145059 0.971453 0.276944 0.0564976
1 0.145172 0.971508 0.27752 0.0564952
1 0.145576 0.971615 0.277878 0.0566591
1 0.145759 0.971492 0.277818 0.0562783
1 0.146114 0.971387 0.27824 0.0560834
1 0.147046 0.971407 0.279131 0.0560554
1 0.147183 0.971466 0.278594 0.0563773
1 0.147478 0.97155 0.278174 0.0567029
1 0.147508 0.971548 0.277806 0.0565315
1 0.147238 0.971426 0.278327 0.0565374
1 0.147076 0.971278 0.278798 0.0562848
1 0.877908 0.834112 0.244183 0.1556
