0 0.598152 0.616517 0.104183 0.292664 0.697287
0 0.413484 0.567115 0.113703 0.195605 0.67188
0 0.598274 0.617456 0.106437 0.294389 0.728837
0 0.414738 0.560316 0.114145 0.188458 0.703138
0 0.600248 0.623498 0.104358 0.307369 0.682123
0 0.415061 0.553471 0.111004 0.175393 0.662642
0 0.598975 0.620861 0.109134 0.304777 0.720042
0 0.414164 0.551854 0.114352 0.174269 0.5623
0 0.598926 0.624909 0.109851 0.312162 0.71449
0 0.414129 0.550662 0.115888 0.172506 0.577328
0 0.599132 0.628027 0.11021 0.318645 0.736863
0 0.413244 0.552625 0.115992 0.177052 0.629716
0 0.598268 0.622433 0.111646 0.309038 0.741327
0 0.412545 0.551888 0.114758 0.175109 0.654573
0 0.598781 0.622798 0.111158 0.309882 0.74445
0 0.412282 0.552263 0.116846 0.175179 0.641111
0 0.599491 0.621139 0.110565 0.306971 0.786629
0 0.411725 0.553187 0.118538 0.178482 0.665612
0 0.600635 0.618042 0.110349 0.299811 0.761942
0 0.412467 0.549143 0.116794 0.169227 0.640934
0 0.601005 0.622294 0.111063 0.30492 0.719305
0 0.413395 0.548897 0.11307 0.169358 0.664692
0 0.603178 0.631725 0.111137 0.330256 0.743996
0 0.604728 0.637825 0.112769 0.340644 0.614047
5 0.502114 0.410549 0.274331 0.21073 0.565364
5 0.500739 0.407373 0.281222 0.211048 0.651048
10 0.523941 0.57019 0.780407 0.859621 0.666926
10 0.556663 0.567798 0.830363 0.864403 0.582476
10 0.532063 0.552166 0.843006 0.895134 0.52081
10 0.539541 0.548113 0.798601 0.903775 0.859247
10 0.559236 0.537388 0.851317 0.925224 0.570992
10 0.543233 0.548118 0.823312 0.899143 0.708911
10 0.568389 0.540863 0.861737 0.918274 0.526323
10 0.569122 0.536117 0.861756 0.927766 0.503776
10 0.570965 0.53713 0.85782 0.92574 0.545437
10 0.57187 0.538064 0.856261 0.923873 0.649908
10 0.573863 0.539035 0.852275 0.921931 0.665473
10 0.57456 0.540202 0.85088 0.919596 0.710108
10 0.574919 0.54072 0.850162 0.918561 0.701543
10 0.575433 0.539955 0.849134 0.920089 0.629162
10 0.575108 0.540541 0.849784 0.918917 0.710194
10 0.575309 0.539681 0.849381 0.920638 0.672407
10 0.576055 0.5389 0.84789 0.922199 0.681133
10 0.583461 0.546169 0.828607 0.906084 0.666962
10 0.578679 0.54571 0.823636 0.902642 0.535751
10 0.581451 0.54356 0.827056 0.89817 0.526873
10 0.575428 0.538429 0.836744 0.923141 0.512268
10 0.674056 0.477375 0.284848 0.155688 0.690319
10 0.674487 0.477952 0.286411 0.154436 0.664693
10 0.673177 0.477996 0.28734 0.155969 0.581757
10 0.67189 0.478266 0.286634 0.156821 0.546385
0 0.391877 0.236148 0.105367 0.184357 0.737015
0 0.391877 0.236148 0.105367 0.184357 0.737015
0 0.391877 0.236148 0.105367 0.184357 0.737015
0 0.391877 0.236148 0.105367 0.184357 0.737015
0 0.391877 0.236148 0.105367 0.184357 0.737015
0 0.391881 0.236146 0.105361 0.184355 0.736827
0 0.39188 0.236146 0.105363 0.184354 0.736848
0 0.39188 0.236146 0.105363 0.184354 0.736816
10 0.798016 0.744756 0.207782 0.116462 0.600246
